Chunk1:
[0, 0, 0, 0, 0, 0, 28]
[0, 0, 0, 0, 0, 0, 28]
[0, 0, 0, 0, 0, 0, 28]
[0, 0, 0, 0, 0, 0, 28]
[0, 0, 0, 0, 0, 0, 28]
[0, 0, 0, 0, 0, 0, 28]
[0, 0, 0, 0, 0, 0, 28]
[0, 0, 0, 0, 0, 0, 28]


Chunk2:
[0, 0, 0, 0, 0, 0, 26]
[0, 0, 0, 0, 0, 0, 0]
[0, 0, 0, 0, 0, 0, 0]
[0, 0, 0, 0, 0, 0, 0]
[0, 0, 0, 0, 0, 0, 0]
[0, 0, 0, 0, 0, 0, 0]
[0, 0, 0, 0, 0, 0, 0]
[0, 0, 0, 0, 0, 0, 0]

Chunk3:
[16, 16, 16, 16, 16, 16, 16, 16]
[0, 0, 0, 0, 0, 0, 0]
[0, 0, 0, 0, 0, 0, 0]
[0, 0, 0, 0, 0, 0, 0]
[0, 0, 0, 0, 0, 0, 0]
[0, 0, 0, 0, 0, 0, 0]
[0, 0, 0, 0, 0, 0, 0]
[0, 0, 0, 0, 0, 0, 0]


Chunk4:
[19, 0, 8, 0, 0, 8, 0, 21]
[28, 0, 0, 0, 0, 0, 0, 34]
[28, 0, 0, 0, 0, 0, 0, 34]
[26, 16, 16, 16, 16, 16, 16, 22]
[0, 0, 0, 0, 0, 0, 0]
[0, 0, 0, 0, 0, 0, 0]
[0, 0, 0, 0, 0, 0, 0]
[0, 0, 0, 0, 0, 0, 0]

Chunk5:
[19, 0, 0, 0, 0 ,0 ,0 ,0]
[26, 19, 0, 0, 0, 0, 0, 0]
[0, 26, 19, 0, 0, 0, 0, 0]
[0, 0, 26, 16, 16, 16, 16, 16]
[0, 0, 0, 0, 0, 0, 0]
[0, 0, 0, 0, 0, 0, 0]
[0, 0, 0, 0, 0, 0, 0]
[0, 0, 0, 0, 0, 0, 0]

Chunk6:
[34, 0, 0, 0, 0, 0, 0, 0]
[34, 0, 0, 0, 0, 0, 0, 0]
[34, 0, 0, 0, 0, 0, 0, 0]
[22, 0, 0, 0, 0, 0, 0, 0]
[0, 0, 0, 0, 0, 0, 0]
[0, 0, 0, 0, 0, 0, 0]
[0, 0, 0, 0, 0, 0, 0]
[0, 0, 0, 0, 0, 0, 0]

Chunk7:
[21, 16, 16, 16, 16, 16, 16, 16, 16]
[34, 0, 0, 0, 0, 0, 0, 0]
[34, 0, 0, 0, 0, 0, 0, 0]
[34, 0, 0, 0, 0, 0, 0, 0]
[34, 0, 0, 0, 0, 0, 0, 0]
[34, 0, 0, 0, 0, 0, 0, 0]
[34, 0, 0, 0, 0, 0, 0, 0]
[34, 0, 0, 0, 0, 0, 0, 0]




Tilemap:

[1, 0, 0, 0, 0, 0, 0, 7]
[2, 3, 4, 3, 5, 3, 3, 6]
